pushplus_token: 123456abc ## pushplus推送token
refresh_token: 123456abc ## 阿里云网盘刷新token
bilibili_cookie: 123456abc ## B站cookie
kk_cookie: 123456abc ##夸克网盘cookie
jd_cookie: __jdv=76161171|direct|-|none|-|1717154969993; __jdu=17171549699921773529662; areaId=9; ipLoc-djd=9-687-0-0; shshshfpa=25fbae67-36c9-6a17-9616-6f3f5247699f-1717154971; shshshfpx=25fbae67-36c9-6a17-9616-6f3f5247699f-1717154971; 3AB9D23F7A4B3CSS=jdd036DGSALZGOKIODXPHK3GYCBHPUISJGQUKF3E7TY7Y5ATNEIPFL3SWKC4K5DDDXS2T4YX56UN5PLXO2RSQHY4JII3RBEAAAAMP27IVWJAAAAAACMEI6EVV2X2QWYX; _gia_d=1; 3AB9D23F7A4B3C9B=6DGSALZGOKIODXPHK3GYCBHPUISJGQUKF3E7TY7Y5ATNEIPFL3SWKC4K5DDDXS2T4YX56UN5PLXO2RSQHY4JII3RBE; TrackID=11c_o0Qw9KpwPNe2Nxl7AK_Lv6Fr2J1sWnZSAiiIRuMlNrYiVDCztf5bDjw6KjiyOaZOe2RuOLjSuiKxfGcTc8su4Q42YIG50EKkf-gmtiHA; thor=FB903CEBBDCEB5F64BCF015E7D7FDADDAACCE6B4E5DFEB49E99206C7E758A8B18074EEAC12E3090DB8D4F40211D283729135980ED980695DCF6804CE48040C998F5F7383BA9EC84C8D781F0762F24508802086F03B6407CBCE14608E87C28849AEF1A21A27B8DFA594D6CCF5B48FF6183E3D6E2A44124058A98BD38447A48FC5976A9D74B9819C50015E432C85DD8F41B49460F572241C56C3694D7614D1A788; flash=2_afdyg4jrI02QmEW5Lm971e-wVp_BO7X88rttBv2ooW3iPUQpw39HOCLupIY5HOWuFUZA_xeOCQKdJGLcoAHrLAazCrwK23H2XbDMujM-LmDSsSxiNfn4tot_CbKZ5G0zDAF-Bt2AgMPYt7dWUhBd-v9DwE_qd_XtZJzkgWtSmzs*; pinId=loBfTOGy5GMdzNDuUW5yp7V9-x-f3wj7; pin=jd_5ada10c96dcef; unick=parkchol1017; ceshi3.com=201; _tp=wobhH6VuNJDC6CUuj2Zd4LQyEFmoXtDWk4IknftdlCU%3D; _pst=jd_5ada10c96dcef; __jda=76161171.17171549699921773529662.1717154970.1717154970.1717312517.2; __jdb=76161171.4.17171549699921773529662|2.1717312517; __jdc=76161171; shshshfpb=BApXcU4Ta1OpADQB3xI6EoyTfBkjpgdhFBlVUTl5p9xJ1Mh6PRIC2
